1 1  10000000 2071 2059 0.113 0.0033
1 2  40000000 3078 2040 0.217 0.0063
1 3  40000000 3201 2724 0.155 0.0043
1 4  50000000 999  1063 0.127 0.0035
1 5  700000   3337 2743 0.043 0.0012
1 6  8000000  781  2757 0.048 0.0014
1 7  4000000  941  292  0.067 0.0020
1 8  400000   497  461  0.019 0.0005
1 9  7000000  1744 908  0.120 0.0036
1 10 1000000  1898 1226 0.062 0.0019
1 11 60000000 2115 1008 0.240 0.0069
1 12 70000000 543  672  0.110 0.0029
1 13 3000000  3066 288  0.180 0.0062
1 14 7000000  2774 729  0.204 0.0067
1 15 1000000  1694 998  0.058 0.0018
1 16 80000000 1131 240  0.157 0.0042
1 17 400000   1861 2485 0.025 0.0006
1 18 700000   3198 450  0.104 0.0035
1 19 100000   2311 2222 0.006 0.0001
1 20 9000000  3688 168  0.280 0.0098
2 1  10000000 2071 2059 0.158 0.0048
2 2  40000000 3078 2040 0.342 0.0109
2 3  40000000 3201 2724 0.371 0.0121
2 4  50000000 999  1063 0.109 0.0029
2 5  700000   3337 2743 0.107 0.0036
2 6  8000000  781  2757 0.075 0.0022
2 7  4000000  941  292  0.044 0.0013
2 8  400000   497  461  0.014 0.0004
2 9  7000000  1744 908  0.091 0.0027
2 10 1000000  1898 1226 0.055 0.0016
2 11 60000000 2115 1008 0.185 0.0052
2 12 70000000 543  672  0.084 0.0022
2 13 3000000  3066 288  0.080 0.0024
2 14 7000000  2774 729  0.122 0.0037
2 15 1000000  1694 998  0.047 0.0014
2 16 80000000 1131 240  0.098 0.0026
2 17 400000   1861 2485 0.041 0.0011
2 18 700000   3198 450  0.049 0.0014
2 19 100000   2311 2222 0.009 0.0001
2 20 9000000  3688 168  0.110 0.0032
3 1  10000000 2071 2059 0.171 0.0053
3 2  40000000 3078 2040 0.142 0.0039
3 3  40000000 3201 2724 0.139 0.0038
3 4  50000000 999  1063 0.237 0.0069
3 5  700000   3337 2743 0.036 0.0010
3 6  8000000  781  2757 0.275 0.0098
3 7  4000000  941  292  0.083 0.0025
3 8  400000   497  461  0.034 0.0009
3 9  7000000  1744 908  0.117 0.0035
3 10 1000000  1898 1226 0.065 0.0020
3 11 60000000 2115 1008 0.181 0.0050
3 12 70000000 543  672  0.210 0.0059
3 13 3000000  3066 288  0.043 0.0013
3 14 7000000  2774 729  0.075 0.0022
3 15 1000000  1694 998  0.062 0.0019
3 16 80000000 1131 240  0.166 0.0045
3 17 400000   1861 2485 0.056 0.0016
3 18 700000   3198 450  0.024 0.0007
3 19 100000   2311 2222 0.008 0.0001
3 20 9000000  3688 168  0.044 0.0013

